JSON
Test2DStochastic
1000
 10254.000  1000.000
     0.000   602.000
     0.000   108.000
 28599.000     0.000
     0.000   626.000
 45369.000  1000.000
  8794.000     0.000
     0.000   520.000
 49673.000  1000.000
 34253.000  1000.000
 15727.000     0.000
 39104.000  1000.000
 50000.000    12.000
     0.000    98.000
 23328.000     0.000
 21433.000  1000.000
 27247.000  1000.000
 22067.000  1000.000
  8230.000  1000.000
     0.000   458.000
 50000.000   452.000
 35921.000  1000.000
 50000.000   337.000
 36928.000  1000.000
 50000.000   549.000
 20863.000  1000.000
     0.000   323.000
 42286.000  1000.000
 50000.000   627.000
  7510.000  1000.000
 44994.000     0.000
     0.000   413.000
 32247.000     0.000
 50000.000   233.000
 22011.000  1000.000
 50000.000   403.000
     0.000   707.000
 30773.000     0.000
     0.000   610.000
 50000.000   572.000
 14312.000  1000.000
 23107.000  1000.000
     0.000    89.000
     0.000   949.000
 26575.000  1000.000
 12207.000     0.000
 50000.000   687.000
 38092.000  1000.000
     0.000   793.000
 30690.000     0.000
  6472.000     0.000
 45210.000  1000.000
     0.000   216.000
 20967.000  1000.000
 20648.000     0.000
     0.000   797.000
 36181.000  1000.000
 43279.000  1000.000
 50000.000   444.000
 50000.000   757.000
     0.000   424.000
 50000.000   310.000
 17236.000  1000.000
     0.000   573.000
  8731.000  1000.000
     0.000   645.000
 50000.000   290.000
 38106.000     0.000
 40173.000  1000.000
 13416.000  1000.000
     0.000   268.000
 46184.000  1000.000
 50000.000   417.000
 50000.000   144.000
 13245.000     0.000
 28923.000     0.000
 50000.000   298.000
     0.000   227.000
     0.000    34.000
 40758.000  1000.000
     0.000   791.000
     0.000   905.000
 50000.000   677.000
 17793.000     0.000
   114.000     0.000
     0.000   169.000
 12272.000     0.000
 50000.000   217.000
     0.000   114.000
     0.000    90.000
 33690.000     0.000
 31208.000     0.000
 43135.000  1000.000
 45943.000  1000.000
 40669.000  1000.000
 45187.000  1000.000
     0.000   814.000
 29978.000     0.000
 17706.000     0.000
 13353.000     0.000
     0.000    18.000
 46013.000     0.000
 18532.000     0.000
 18615.000  1000.000
     0.000   697.000
 41156.000     0.000
 49850.000     0.000
 26081.000     0.000
 50000.000   625.000
 40587.000     0.000
     0.000   271.000
  5254.000     0.000
 20447.000     0.000
 50000.000   830.000
 17628.000  1000.000
 31642.000  1000.000
  5420.000  1000.000
 50000.000   347.000
 50000.000   682.000
 34927.000  1000.000
 50000.000   636.000
 16464.000  1000.000
     0.000   629.000
 50000.000   425.000
     0.000   942.000
 35660.000  1000.000
 32557.000     0.000
     0.000   386.000
 49060.000  1000.000
 21864.000  1000.000
 23680.000     0.000
 47863.000  1000.000
     0.000   764.000
     0.000   470.000
 20587.000     0.000
     0.000   298.000
 16221.000     0.000
 25940.000  1000.000
     0.000    43.000
 50000.000   329.000
  8479.000     0.000
 18945.000     0.000
 22310.000     0.000
     0.000    64.000
 50000.000   661.000
 50000.000   710.000
     0.000   517.000
 48552.000  1000.000
     0.000   332.000
 50000.000   554.000
     0.000   728.000
     0.000   986.000
 37193.000  1000.000
     0.000   123.000
  9213.000  1000.000
 31279.000     0.000
 41514.000     0.000
 31196.000     0.000
 50000.000   691.000
 38313.000     0.000
 33078.000  1000.000
  1382.000  1000.000
 50000.000    73.000
 50000.000   959.000
 50000.000   780.000
 23812.000     0.000
  5258.000     0.000
 39689.000  1000.000
 30189.000     0.000
 42494.000     0.000
 48982.000     0.000
 25446.000     0.000
 50000.000   899.000
 41764.000  1000.000
  1849.000     0.000
 50000.000   209.000
 50000.000   667.000
     0.000   786.000
     0.000   284.000
     0.000   908.000
     0.000   582.000
 44336.000     0.000
 37008.000     0.000
 34708.000  1000.000
   823.000  1000.000
 10114.000     0.000
 33163.000  1000.000
  4038.000  1000.000
     0.000   820.000
 41835.000  1000.000
     0.000   260.000
     0.000   600.000
 29056.000     0.000
 25894.000  1000.000
     0.000   947.000
 43062.000  1000.000
     0.000   567.000
     0.000   627.000
     0.000   544.000
     0.000   125.000
 15634.000     0.000
 19653.000     0.000
     0.000   901.000
 41136.000  1000.000
 27158.000     0.000
     0.000   584.000
     0.000   471.000
 19336.000     0.000
 30467.000     0.000
  3411.000  1000.000
  4090.000     0.000
 31340.000     0.000
     0.000   445.000
 37411.000     0.000
 39527.000     0.000
  6581.000     0.000
 50000.000   612.000
 50000.000   801.000
 29942.000  1000.000
 50000.000   972.000
 36383.000  1000.000
 26976.000     0.000
  4178.000     0.000
  8717.000  1000.000
 50000.000   689.000
 49646.000  1000.000
 28878.000  1000.000
 34684.000     0.000
 37697.000  1000.000
 10742.000  1000.000
 15356.000  1000.000
 25980.000  1000.000
 50000.000   240.000
 20143.000  1000.000
 35093.000     0.000
 50000.000   454.000
 23908.000     0.000
     0.000     1.000
 22038.000     0.000
 50000.000   412.000
 50000.000   327.000
 46836.000  1000.000
 17609.000     0.000
     0.000   308.000
     0.000   779.000
 35466.000     0.000
 28976.000  1000.000
 34402.000  1000.000
 50000.000   883.000
 49463.000  1000.000
 50000.000   162.000
 18009.000     0.000
 25197.000  1000.000
     0.000   258.000
 49721.000  1000.000
     0.000   754.000
 46443.000  1000.000
 43978.000  1000.000
 50000.000   499.000
 16386.000     0.000
 50000.000   216.000
     0.000   834.000
     0.000    24.000
 11603.000  1000.000
 50000.000   421.000
     0.000   452.000
 36929.000     0.000
 50000.000   838.000
 50000.000   877.000
     0.000   417.000
 14858.000  1000.000
 50000.000   589.000
 50000.000   977.000
 50000.000   860.000
 20866.000  1000.000
 50000.000   142.000
  8169.000     0.000
 16219.000     0.000
   313.000  1000.000
 39806.000  1000.000
 50000.000   753.000
 35549.000     0.000
 50000.000   866.000
 50000.000   451.000
 23461.000  1000.000
 50000.000   950.000
 50000.000    13.000
 32609.000     0.000
     0.000   532.000
 35722.000     0.000
 13460.000  1000.000
     0.000   317.000
     0.000   331.000
 39059.000  1000.000
 50000.000   113.000
 50000.000   117.000
 41789.000     0.000
  2172.000  1000.000
 11924.000  1000.000
 17359.000     0.000
 32395.000  1000.000
 22158.000  1000.000
     0.000   158.000
 40589.000  1000.000
 50000.000   543.000
 50000.000   531.000
 45850.000     0.000
 50000.000     8.000
 50000.000    77.000
     0.000   716.000
     0.000   526.000
     0.000   338.000
 17941.000     0.000
 10252.000     0.000
 12031.000     0.000
     0.000   334.000
 33304.000  1000.000
 50000.000   556.000
 47404.000  1000.000
 13931.000  1000.000
 50000.000    89.000
 50000.000   443.000
  9141.000     0.000
 15023.000     0.000
     0.000   798.000
  5457.000  1000.000
 32598.000  1000.000
     0.000   357.000
  4063.000     0.000
 23473.000     0.000
  1038.000  1000.000
 50000.000   981.000
 50000.000   247.000
     0.000   272.000
 50000.000   568.000
 50000.000    69.000
 26625.000  1000.000
     0.000   818.000
     0.000   356.000
 25608.000  1000.000
 48002.000     0.000
 50000.000   904.000
 37034.000     0.000
  8729.000  1000.000
     0.000   326.000
  5584.000  1000.000
 49318.000     0.000
  3224.000     0.000
 50000.000   230.000
     0.000   416.000
 50000.000   738.000
 26337.000  1000.000
 48197.000     0.000
 22174.000  1000.000
  3914.000  1000.000
 21536.000     0.000
 50000.000   115.000
 27165.000     0.000
 40764.000  1000.000
 33373.000  1000.000
  4475.000     0.000
 12192.000     0.000
 49107.000  1000.000
 36774.000  1000.000
 29343.000     0.000
     0.000   195.000
 24420.000  1000.000
     0.000   269.000
 16688.000  1000.000
 25330.000  1000.000
     0.000   551.000
 50000.000   446.000
     0.000   355.000
 43852.000     0.000
     0.000   964.000
     0.000    38.000
 50000.000   167.000
 50000.000   120.000
     0.000   565.000
 50000.000   263.000
 25010.000     0.000
  5699.000  1000.000
 48319.000     0.000
 48039.000     0.000
 47816.000  1000.000
     0.000   987.000
 50000.000     2.000
  4949.000  1000.000
 50000.000   131.000
     0.000   166.000
 50000.000   194.000
 26316.000     0.000
 13669.000     0.000
 50000.000    11.000
 50000.000   611.000
 28668.000     0.000
  8943.000  1000.000
 34513.000  1000.000
     0.000   321.000
 14538.000  1000.000
 37844.000  1000.000
 24589.000  1000.000
 39404.000     0.000
 50000.000   267.000
 50000.000   679.000
 39304.000     0.000
 48860.000  1000.000
     0.000   541.000
 29352.000     0.000
 15747.000  1000.000
 50000.000   799.000
 33054.000     0.000
 12280.000  1000.000
     0.000   843.000
     0.000   210.000
  7903.000  1000.000
 50000.000   671.000
 32664.000  1000.000
 50000.000   989.000
  3394.000     0.000
 50000.000   603.000
 20885.000     0.000
 42040.000  1000.000
 49793.000     0.000
     0.000   529.000
 30936.000     0.000
     0.000    16.000
  4135.000  1000.000
 28486.000  1000.000
 50000.000   237.000
 46752.000     0.000
  8112.000     0.000
     0.000   858.000
 29973.000     0.000
 43277.000  1000.000
  7690.000  1000.000
 29020.000  1000.000
 31682.000     0.000
 50000.000   806.000
 50000.000   493.000
 50000.000   215.000
 20655.000  1000.000
 30127.000     0.000
 32503.000  1000.000
 50000.000   925.000
 21825.000     0.000
  8311.000     0.000
     0.000    66.000
 22532.000     0.000
     0.000   829.000
 50000.000   890.000
     0.000   763.000
 23813.000  1000.000
  2970.000  1000.000
 15876.000     0.000
 50000.000    54.000
 50000.000   829.000
 50000.000   552.000
     0.000   890.000
 50000.000   606.000
 10933.000  1000.000
 44404.000     0.000
 16443.000     0.000
 39190.000  1000.000
  2187.000     0.000
  6687.000  1000.000
     0.000   923.000
 32022.000     0.000
     0.000   578.000
 49047.000     0.000
  2422.000  1000.000
     0.000   333.000
 38674.000     0.000
 50000.000   644.000
     0.000   492.000
 27251.000     0.000
  9514.000  1000.000
 45981.000  1000.000
 27871.000  1000.000
 50000.000   733.000
  3468.000  1000.000
 50000.000   858.000
 37721.000  1000.000
 50000.000   222.000
     0.000   936.000
 50000.000   666.000
 36413.000     0.000
 50000.000   369.000
 50000.000    92.000
 50000.000   321.000
 48674.000     0.000
     0.000   371.000
 22746.000     0.000
 35353.000     0.000
  8399.000  1000.000
     0.000   187.000
     0.000   173.000
     0.000   808.000
 50000.000   505.000
 50000.000   260.000
 50000.000   662.000
     0.000    56.000
 50000.000   382.000
 48831.000     0.000
   413.000     0.000
     0.000   706.000
     0.000   853.000
 10908.000     0.000
 50000.000   545.000
 50000.000   987.000
 50000.000   486.000
     0.000   631.000
 50000.000   342.000
 50000.000   390.000
  3494.000     0.000
     0.000   434.000
 36494.000  1000.000
 50000.000   150.000
 50000.000   395.000
 50000.000   226.000
 12507.000  1000.000
 12893.000     0.000
  1698.000  1000.000
 30718.000  1000.000
 14676.000  1000.000
     0.000   817.000
  8777.000  1000.000
 26846.000  1000.000
     0.000   913.000
  3506.000     0.000
     0.000   185.000
  2980.000  1000.000
 21548.000     0.000
  9716.000     0.000
 50000.000   378.000
 41753.000     0.000
 14156.000  1000.000
 50000.000   384.000
     0.000   857.000
 50000.000   813.000
 50000.000   293.000
 15263.000     0.000
 50000.000   251.000
 50000.000   872.000
  1519.000     0.000
     0.000    51.000
 50000.000   208.000
 50000.000   284.000
 12764.000     0.000
 40421.000  1000.000
 11582.000  1000.000
     0.000   429.000
 45378.000     0.000
 40019.000     0.000
     0.000   322.000
  6380.000  1000.000
     0.000   804.000
 20327.000  1000.000
     0.000   958.000
     0.000   164.000
 11813.000  1000.000
 38104.000  1000.000
 20724.000  1000.000
 11204.000     0.000
 37153.000  1000.000
  1660.000  1000.000
  2998.000     0.000
   830.000     0.000
     0.000   830.000
 38704.000  1000.000
 28791.000  1000.000
 33587.000     0.000
 50000.000   294.000
 12407.000     0.000
     0.000   237.000
  5519.000  1000.000
 14602.000     0.000
 44193.000  1000.000
 41776.000     0.000
 41097.000  1000.000
 20604.000     0.000
 50000.000   397.000
 50000.000   918.000
 37527.000     0.000
 27347.000     0.000
 50000.000   183.000
 50000.000   938.000
     0.000   826.000
 14236.000     0.000
 19374.000     0.000
 15098.000     0.000
 32919.000  1000.000
  2957.000  1000.000
 50000.000   731.000
 50000.000   385.000
     0.000   615.000
     0.000   572.000
 37917.000  1000.000
 33594.000  1000.000
 12798.000  1000.000
 32461.000     0.000
 16508.000     0.000
 25306.000  1000.000
  5378.000     0.000
     0.000   646.000
  7269.000     0.000
 34257.000     0.000
 15020.000     0.000
 50000.000   135.000
 50000.000   621.000
  6145.000     0.000
 16546.000  1000.000
   491.000     0.000
     0.000   729.000
  3560.000  1000.000
     0.000   531.000
 13181.000  1000.000
     0.000   622.000
 50000.000   180.000
 44481.000     0.000
 34002.000     0.000
 28797.000  1000.000
 11920.000     0.000
     0.000    67.000
 46182.000  1000.000
 50000.000   723.000
 50000.000   853.000
 16352.000     0.000
     0.000   641.000
     0.000   111.000
 30847.000     0.000
 37438.000     0.000
 40745.000  1000.000
 24701.000  1000.000
 50000.000   846.000
 17191.000  1000.000
  4182.000     0.000
 20713.000     0.000
 10495.000     0.000
 39772.000  1000.000
     0.000    80.000
     0.000   504.000
     0.000   362.000
 50000.000    88.000
 50000.000   501.000
 50000.000   242.000
     0.000   620.000
 37278.000     0.000
 15289.000     0.000
     0.000    11.000
  4888.000     0.000
  3604.000  1000.000
 50000.000   419.000
 48460.000     0.000
  9400.000  1000.000
 44204.000  1000.000
 32876.000     0.000
 50000.000   123.000
 12969.000  1000.000
 13697.000  1000.000
     0.000   652.000
 46301.000  1000.000
 14966.000     0.000
 49922.000  1000.000
  7965.000  1000.000
 12035.000  1000.000
 22549.000     0.000
 36727.000     0.000
     0.000    27.000
  1630.000     0.000
 44538.000     0.000
 24988.000  1000.000
  3903.000     0.000
 13723.000     0.000
     0.000   370.000
 36107.000     0.000
 28811.000  1000.000
  9261.000  1000.000
 46585.000  1000.000
     0.000   303.000
 15671.000  1000.000
 31874.000  1000.000
     0.000   952.000
 44593.000  1000.000
 35545.000     0.000
 47731.000  1000.000
 25309.000     0.000
 20016.000     0.000
 46766.000  1000.000
 50000.000   205.000
 50000.000   754.000
   772.000     0.000
 47175.000     0.000
 31724.000  1000.000
 50000.000   535.000
 30071.000     0.000
 19914.000     0.000
 50000.000   105.000
 50000.000   919.000
 49221.000     0.000
 21723.000     0.000
 47984.000  1000.000
 48402.000     0.000
  1823.000     0.000
  1826.000  1000.000
 46465.000  1000.000
 16202.000     0.000
 24424.000     0.000
     0.000   709.000
 49479.000  1000.000
 46683.000     0.000
 39209.000  1000.000
 46269.000  1000.000
  3803.000     0.000
 23084.000  1000.000
     0.000   902.000
 35038.000     0.000
 17506.000  1000.000
 50000.000    64.000
     0.000   354.000
 35031.000  1000.000
 47783.000  1000.000
 22847.000     0.000
     0.000   724.000
  5226.000     0.000
 50000.000   928.000
     0.000   415.000
     0.000   249.000
 23927.000  1000.000
  1611.000  1000.000
  5702.000     0.000
 50000.000   179.000
 43609.000  1000.000
 50000.000   459.000
     0.000   774.000
     0.000   130.000
     0.000   502.000
     0.000   926.000
 22294.000     0.000
  6167.000  1000.000
 50000.000   476.000
 31970.000  1000.000
  4333.000  1000.000
 32047.000  1000.000
     0.000   899.000
 12401.000     0.000
 50000.000   528.000
 31024.000     0.000
     0.000   978.000
     0.000   815.000
     0.000   598.000
 37324.000  1000.000
     0.000   810.000
 25249.000     0.000
 50000.000   725.000
 18005.000  1000.000
     0.000   819.000
 50000.000   870.000
 34220.000  1000.000
 50000.000   119.000
 50000.000   348.000
 37201.000  1000.000
 25214.000     0.000
  8165.000     0.000
     0.000   938.000
 50000.000    17.000
     0.000   150.000
 36608.000     0.000
 45165.000  1000.000
     0.000   688.000
     0.000   396.000
     0.000   787.000
 37393.000  1000.000
     0.000    47.000
     0.000   549.000
     0.000   948.000
 50000.000   960.000
 24411.000  1000.000
     0.000   911.000
 11222.000     0.000
  9488.000     0.000
 10384.000  1000.000
 20491.000  1000.000
 50000.000   833.000
 50000.000   670.000
 50000.000   192.000
 15595.000  1000.000
 43287.000     0.000
 13910.000     0.000
     0.000   957.000
 35965.000  1000.000
     0.000   244.000
 29534.000     0.000
  7391.000     0.000
 28301.000  1000.000
 20687.000     0.000
 50000.000   774.000
 25795.000  1000.000
 38631.000  1000.000
 12885.000  1000.000
 29036.000  1000.000
 50000.000   287.000
 48300.000     0.000
 30055.000     0.000
 46926.000  1000.000
  5589.000     0.000
 18575.000  1000.000
 50000.000   763.000
  4317.000     0.000
 33995.000  1000.000
     0.000   337.000
 23113.000  1000.000
 50000.000   844.000
 28786.000  1000.000
 32221.000     0.000
 42044.000  1000.000
 22138.000     0.000
 24171.000     0.000
 33550.000     0.000
  2810.000     0.000
     0.000   581.000
 34362.000  1000.000
 30158.000     0.000
     0.000   726.000
 50000.000   927.000
 31772.000  1000.000
  1995.000     0.000
 24971.000     0.000
 40814.000  1000.000
 21743.000     0.000
 50000.000   349.000
 50000.000   932.000
     0.000   898.000
 50000.000   343.000
 15044.000  1000.000
 29763.000  1000.000
     0.000   718.000
     0.000   732.000
     0.000   640.000
 50000.000   366.000
     0.000   178.000
 47040.000  1000.000
  1861.000  1000.000
 40624.000  1000.000
 36999.000  1000.000
 50000.000   867.000
     0.000   800.000
 50000.000   651.000
    16.000  1000.000
 22430.000     0.000
 50000.000    61.000
 50000.000   920.000
     0.000     5.000
     0.000   687.000
     0.000   307.000
  4618.000  1000.000
 18660.000     0.000
 15420.000  1000.000
 26240.000     0.000
  8074.000     0.000
     0.000   962.000
 50000.000   805.000
 50000.000   539.000
 38455.000     0.000
  9246.000     0.000
 12416.000  1000.000
 46972.000     0.000
 18440.000  1000.000
     0.000   845.000
 40855.000     0.000
 37769.000  1000.000
 28606.000     0.000
 37857.000  1000.000
 37363.000     0.000
  8649.000     0.000
     0.000   564.000
 36933.000  1000.000
 50000.000    66.000
  2801.000     0.000
 50000.000   751.000
 23321.000     0.000
 43594.000     0.000
 50000.000   112.000
 33370.000  1000.000
 50000.000   494.000
     0.000   997.000
 37176.000  1000.000
  3695.000  1000.000
 50000.000   191.000
 50000.000   455.000
     0.000   809.000
 50000.000   820.000
 21179.000     0.000
  1408.000     0.000
     0.000   692.000
 50000.000   729.000
 13462.000  1000.000
  1339.000  1000.000
 12584.000  1000.000
     0.000   422.000
 45490.000  1000.000
 32240.000  1000.000
 50000.000   482.000
     0.000   854.000
 45397.000     0.000
 50000.000   645.000
 10174.000  1000.000
     0.000   202.000
     0.000   976.000
     0.000   522.000
  4070.000  1000.000
 11016.000  1000.000
 41461.000     0.000
 50000.000   500.000
 46255.000     0.000
  3791.000  1000.000
 32282.000     0.000
 17632.000     0.000
 18511.000  1000.000
 50000.000    29.000
 50000.000   435.000
 28174.000  1000.000
 42347.000  1000.000
 50000.000   673.000
     0.000   425.000
     0.000   934.000
 18371.000     0.000
 32654.000     0.000
 15313.000     0.000
 37518.000  1000.000
 50000.000   320.000
     0.000   802.000
     0.000   616.000
 18909.000  1000.000
  3970.000     0.000
     0.000   404.000
 14762.000  1000.000
 50000.000   202.000
 10100.000     0.000
     0.000    23.000
 16909.000     0.000
 50000.000   160.000
 48209.000  1000.000
 50000.000   317.000
     0.000   510.000
     0.000    20.000
 37125.000  1000.000
 19857.000  1000.000
 34971.000  1000.000
 45607.000     0.000
 50000.000   474.000
 50000.000   840.000
 17278.000     0.000
 50000.000    83.000
 21319.000  1000.000
     0.000   420.000
     0.000   174.000
  8929.000     0.000
 36053.000  1000.000
     0.000   568.000
 13430.000  1000.000
  8219.000     0.000
     0.000   672.000
 50000.000   850.000
 42416.000     0.000
   263.000  1000.000
     0.000   194.000
     0.000   171.000
 50000.000   335.000
 50000.000   779.000
  5636.000  1000.000
 50000.000   265.000
 50000.000   681.000
   285.000     0.000
     0.000   483.000
 22891.000  1000.000
 28512.000     0.000
  9998.000     0.000
     0.000   597.000
     0.000   315.000
 41304.000  1000.000
     0.000   893.000
 21776.000     0.000
 32447.000  1000.000
  1327.000     0.000
 16263.000  1000.000
  3557.000  1000.000
     0.000   299.000
   721.000     0.000
     0.000   430.000
     0.000   619.000
  8459.000  1000.000
  3812.000  1000.000
 24980.000  1000.000
     0.000   262.000
     0.000   226.000
 50000.000   401.000
     0.000   309.000
 12649.000     0.000
 40876.000     0.000
