JSON
Test2DStochastic
-161.000 299.000
 -73.000 849.000
-654.000 748.000
-814.000 489.000
-273.000 104.000
-229.000 141.000
-396.000 982.000
-739.000 548.000
-325.000  85.000
-659.000 943.000
-932.000 302.000
-274.000 774.000
-388.000 134.000
-568.000 791.000
-955.000 337.000
-965.000 999.000
-909.000 327.000
-350.000 412.000
-846.000 354.000
-743.000 154.000
-541.000 895.000
-309.000  38.000
 -27.000  94.000
-805.000 823.000
-715.000 100.000
-656.000 807.000
-665.000 460.000
-865.000 208.000
-972.000 825.000
-143.000 873.000
-931.000 742.000
-628.000 331.000
-735.000 977.000
-169.000 310.000
-312.000 843.000
-290.000 358.000
-959.000  45.000
-984.000 122.000
-970.000  72.000
-180.000 648.000
-709.000 914.000
 -61.000 442.000
-240.000  60.000
-906.000 243.000
-560.000 727.000
-952.000  78.000
-929.000 566.000
-853.000 666.000
-367.000 435.000
-825.000 624.000
-548.000  61.000
-961.000 470.000
-132.000   1.000
 -92.000 145.000
-328.000 584.000
-823.000 317.000
-488.000 180.000
-883.000 875.000
-523.000 649.000
-689.000 821.000
-956.000  53.000
-863.000 170.000
-300.000 296.000
-399.000 579.000
  -1.000 270.000
-264.000  16.000
-476.000  42.000
-614.000   3.000
-939.000 679.000
-153.000 935.000
 -81.000 123.000
-846.000 783.000
-616.000 943.000
-903.000 892.000
-918.000 861.000
-438.000 616.000
-929.000 926.000
-863.000 204.000
-884.000 663.000
-210.000 569.000
-697.000 459.000
-904.000  43.000
-973.000 945.000
 -80.000 561.000
-708.000  83.000
-238.000 642.000
 -74.000 111.000
-741.000 230.000
-315.000 717.000
-957.000 702.000
-786.000 246.000
-278.000  52.000
-160.000 665.000
-370.000 299.000
 -45.000 262.000
 -63.000 327.000
-254.000 219.000
-560.000 991.000
-411.000 964.000
-604.000  64.000
 -94.000 367.000
-273.000  44.000
 -18.000 192.000
-579.000  71.000
-558.000 966.000
-212.000 507.000
-555.000 342.000
-315.000 999.000
-992.000 845.000
  -5.000 926.000
-492.000 174.000
-541.000 442.000
-412.000 723.000
-958.000 328.000
-411.000 858.000
-602.000 637.000
-226.000 373.000
-753.000 869.000
-606.000   6.000
-177.000 987.000
-394.000 825.000
-963.000 927.000
 -81.000 828.000
-817.000 658.000
  -9.000 670.000
-496.000 372.000
 -46.000 431.000
-482.000 861.000
-202.000 884.000
-918.000 547.000
-636.000 829.000
-544.000 846.000
-150.000 168.000
-823.000 331.000
-809.000 711.000
-386.000 890.000
-817.000 639.000
 -85.000 510.000
-624.000 597.000
-438.000 822.000
-930.000 904.000
-612.000 423.000
-207.000 697.000
-951.000 169.000
-429.000  16.000
-916.000  86.000
 -94.000 179.000
-557.000 513.000
-274.000   6.000
-124.000 928.000
 -79.000 457.000
-179.000  42.000
-174.000 223.000
-332.000 478.000
-881.000 528.000
-893.000 113.000
-634.000 635.000
-187.000  98.000
-532.000 340.000
-412.000 669.000
-313.000 499.000
 -63.000 424.000
-638.000 929.000
-618.000 507.000
-596.000 926.000
-716.000 125.000
-826.000 636.000
-654.000 331.000
-727.000 312.000
-531.000 274.000
 -85.000 100.000
-677.000 468.000
-354.000 493.000
-794.000   7.000
-864.000   7.000
-475.000 669.000
-870.000 180.000
-298.000 154.000
-594.000 865.000
-720.000 887.000
-428.000 550.000
-270.000 751.000
-650.000  34.000
-217.000 442.000
-830.000 615.000
-999.000 318.000
-409.000   6.000
-145.000 353.000
-376.000 171.000
-591.000 929.000
 -47.000 349.000
-550.000 911.000
-115.000 588.000
-341.000 973.000
-307.000 469.000
  -9.000 743.000
-465.000 267.000
-454.000 790.000
-753.000 439.000
-388.000 459.000
 -68.000 654.000
-508.000 571.000
-502.000 763.000
-213.000 746.000
-763.000 732.000
-215.000 146.000
-866.000 187.000
-995.000 959.000
-161.000 603.000
-491.000 951.000
-622.000 582.000
-965.000 840.000
-734.000 420.000
-305.000 886.000
-992.000 551.000
 -34.000 149.000
-872.000 549.000
-203.000 759.000
-137.000 299.000
-728.000 846.000
-158.000 433.000
-493.000 627.000
 -67.000 440.000
-486.000 239.000
-352.000 672.000
-676.000 711.000
 -74.000 676.000
-993.000 839.000
 -14.000 424.000
-791.000 431.000
-554.000 845.000
-333.000 236.000
-848.000 637.000
-846.000 218.000
 -29.000 763.000
-883.000 622.000
-225.000 467.000
-594.000 487.000
-908.000 688.000
-881.000 864.000
-145.000 483.000
-440.000 856.000
-974.000 217.000
-813.000 501.000
-552.000 969.000
-695.000 385.000
-231.000 426.000
-202.000 343.000
-880.000 872.000
-201.000 634.000
-440.000 848.000
-478.000 668.000
-535.000 503.000
 -47.000 749.000
-496.000 773.000
-773.000 646.000
-906.000  91.000
-242.000 488.000
-951.000 908.000
-562.000 532.000
-819.000 234.000
 -31.000 398.000
-886.000  89.000
-681.000 914.000
-186.000  88.000
-153.000 228.000
-232.000  88.000
-728.000 135.000
-543.000 152.000
-328.000 954.000
-261.000 565.000
-275.000  64.000
-851.000 196.000
-501.000 825.000
 -49.000 935.000
-527.000   8.000
-686.000  31.000
-862.000 171.000
-559.000 870.000
-482.000 372.000
-817.000 136.000
-999.000 742.000
-218.000 760.000
-843.000 687.000
-591.000 307.000
-453.000 306.000
-390.000 546.000
-169.000 769.000
-285.000 912.000
-429.000   5.000
-315.000 431.000
-258.000 611.000
-674.000 769.000
-686.000 659.000
 -12.000 661.000
-580.000 343.000
 -84.000 583.000
-336.000 633.000
-221.000 433.000
-831.000 777.000
-703.000 832.000
-524.000 349.000
-146.000 867.000
-929.000 547.000
-709.000 671.000
-910.000 477.000
-924.000 985.000
-345.000 408.000
 -87.000 369.000
-942.000 353.000
 -54.000 908.000
-547.000  75.000
-166.000 695.000
-925.000 146.000
-127.000 701.000
 -89.000 302.000
-243.000 402.000
-625.000 795.000
-621.000 257.000
-163.000 783.000
-930.000 909.000
-841.000 880.000
-513.000  67.000
-320.000 801.000
 -74.000 335.000
-341.000 867.000
 -12.000 251.000
  -5.000 700.000
-363.000 579.000
-562.000 261.000
-416.000 652.000
-934.000  13.000
-176.000 899.000
-346.000 483.000
-912.000 847.000
-601.000 282.000
-784.000 986.000
-122.000 974.000
-721.000 947.000
-814.000  26.000
 -13.000 503.000
-730.000   4.000
-805.000 505.000
-727.000 888.000
-632.000 724.000
-330.000 688.000
-616.000 504.000
-290.000 841.000
-394.000 970.000
-162.000 218.000
-392.000   8.000
-786.000 844.000
-995.000  37.000
-928.000 440.000
-451.000 951.000
-908.000 941.000
-663.000 606.000
-402.000 151.000
-141.000 965.000
-889.000 438.000
-890.000 171.000
-853.000 859.000
-303.000 332.000
-965.000 242.000
-822.000 543.000
-827.000 815.000
-854.000 521.000
-965.000 278.000
-882.000 498.000
-113.000 120.000
-106.000 233.000
-595.000  23.000
-596.000 685.000
-374.000 703.000
-205.000 904.000
-205.000  75.000
-799.000 922.000
-370.000 995.000
-158.000 162.000
  -2.000 573.000
-918.000 285.000
  -0.000 653.000
-632.000 396.000
-737.000 540.000
-319.000  94.000
-725.000 484.000
-575.000 629.000
-924.000 674.000
-592.000  27.000
-802.000 522.000
-162.000 954.000
-458.000 108.000
-154.000 157.000
-557.000 811.000
-736.000 631.000
-478.000 597.000
-987.000 829.000
-909.000 545.000
-787.000 845.000
-782.000 999.000
-658.000 880.000
-432.000 311.000
-901.000 395.000
-790.000 137.000
-314.000  47.000
-507.000 866.000
-558.000 581.000
-324.000 992.000
-511.000 159.000
-480.000 851.000
-734.000  45.000
-544.000 125.000
-615.000 149.000
-361.000  79.000
-236.000 611.000
-117.000 879.000
-467.000 861.000
-389.000 632.000
 -27.000 469.000
-262.000 426.000
-376.000 123.000
-430.000 747.000
-995.000 858.000
 -52.000 138.000
 -76.000 148.000
-823.000 744.000
-791.000 931.000
-167.000 671.000
-357.000 322.000
-932.000 418.000
-473.000 559.000
 -26.000  45.000
-427.000 292.000
-687.000 991.000
-843.000 354.000
-965.000 908.000
-989.000 582.000
-461.000 610.000
 -88.000 228.000
-188.000 325.000
-706.000 491.000
-474.000 952.000
-212.000 952.000
-499.000 694.000
-490.000 832.000
-181.000 330.000
-285.000 676.000
-398.000 698.000
-852.000 584.000
-892.000 567.000
-858.000 316.000
-120.000 334.000
-929.000 714.000
 -49.000 799.000
-773.000  49.000
-759.000 260.000
-851.000 159.000
-709.000 154.000
-283.000 636.000
-718.000 248.000
-631.000 118.000
-142.000 335.000
 -29.000 482.000
  -2.000 554.000
-403.000 777.000
 -89.000 315.000
-104.000 673.000
-240.000  41.000
-358.000 496.000
-934.000 535.000
-605.000 674.000
-782.000 335.000
-576.000 493.000
-507.000 484.000
-590.000 680.000
-123.000 421.000
-693.000 848.000
-909.000 439.000
-729.000 978.000
 -19.000 837.000
-636.000 349.000
-532.000 446.000
-320.000 937.000
-154.000 286.000
-634.000 901.000
 -17.000 335.000
-881.000  41.000
-476.000 143.000
-174.000 168.000
-798.000 581.000
-722.000 714.000
-696.000 941.000
-363.000 884.000
-511.000 946.000
-379.000 137.000
-594.000 423.000
-732.000 688.000
  -2.000 728.000
-179.000 951.000
-273.000 697.000
-337.000 211.000
-294.000  55.000
 -72.000 185.000
 -68.000 508.000
-981.000  96.000
 -83.000 759.000
 -23.000 128.000
-495.000  78.000
 -42.000 495.000
-362.000 559.000
-342.000 601.000
-754.000 262.000
-788.000 249.000
-320.000 413.000
-429.000 783.000
 -22.000 483.000
-132.000 260.000
-285.000 705.000
-131.000 966.000
-553.000 452.000
-427.000 866.000
 -45.000 663.000
-609.000 785.000
-978.000 172.000
-476.000 169.000
-371.000 465.000
 -58.000 764.000
-647.000 580.000
-799.000 150.000
-146.000 549.000
-153.000 361.000
-175.000 305.000
-613.000 874.000
-164.000 395.000
 -55.000 601.000
-719.000 524.000
-153.000 719.000
-465.000 230.000
-256.000 824.000
-148.000 730.000
-833.000 902.000
-564.000  57.000
-106.000 879.000
-620.000 300.000
 -97.000 520.000
-343.000 781.000
-889.000 638.000
-873.000 273.000
-134.000 236.000
-953.000 330.000
-829.000 440.000
-517.000 248.000
-793.000 511.000
-427.000  52.000
 -90.000 815.000
-945.000 440.000
-345.000 204.000
-979.000 541.000
-557.000 125.000
-436.000 440.000
-911.000   5.000
-873.000 872.000
-778.000 231.000
-816.000 502.000
 -32.000 686.000
-736.000 341.000
-650.000 863.000
-283.000 600.000
-343.000 882.000
-253.000 282.000
 -28.000 221.000
-524.000 624.000
-260.000  16.000
-619.000 523.000
-748.000 113.000
-522.000 964.000
-895.000 594.000
-405.000 568.000
-942.000 269.000
-827.000 437.000
-220.000 707.000
-463.000 999.000
-538.000 593.000
-166.000 701.000
-440.000 784.000
-448.000  57.000
-893.000  58.000
-335.000 477.000
-620.000 911.000
 -77.000  50.000
-349.000 676.000
-274.000 872.000
-818.000 259.000
-907.000 590.000
-554.000 751.000
-557.000 817.000
-797.000 183.000
-914.000 953.000
-591.000 629.000
-414.000 269.000
-648.000 298.000
 -27.000 711.000
 -77.000 825.000
-504.000 300.000
-958.000 325.000
-109.000 356.000
-434.000 562.000
-152.000 354.000
 -21.000 247.000
-623.000 556.000
-323.000 742.000
-312.000 269.000
  -9.000 306.000
-297.000 332.000
-809.000 840.000
-162.000 888.000
-675.000 110.000
-969.000 525.000
-628.000 731.000
-829.000 897.000
-763.000 954.000
-696.000 657.000
-710.000 367.000
-215.000 991.000
-345.000 996.000
-801.000 366.000
-266.000 248.000
-613.000 209.000
-797.000 844.000
-732.000 381.000
-165.000 675.000
-154.000 390.000
-289.000 104.000
-497.000 866.000
-984.000 697.000
 -16.000 965.000
 -47.000 125.000
-609.000 386.000
-506.000 780.000
-511.000  19.000
-837.000 806.000
-332.000 129.000
-661.000  51.000
-918.000 631.000
-103.000 680.000
-176.000 649.000
-502.000 105.000
-318.000   2.000
-324.000 858.000
-216.000 619.000
-654.000 180.000
-707.000 514.000
 -70.000 647.000
-552.000 678.000
-649.000 588.000
  -4.000 548.000
-346.000  81.000
-327.000 179.000
-964.000 476.000
-623.000 771.000
-677.000 726.000
-314.000 534.000
-365.000 392.000
-285.000 671.000
-979.000 327.000
-671.000 643.000
-737.000 912.000
-205.000 343.000
-917.000 452.000
-241.000 691.000
-919.000 114.000
-559.000  82.000
-448.000 307.000
-905.000 219.000
-183.000 736.000
-920.000 282.000
-532.000 149.000
-540.000 463.000
-532.000 313.000
-371.000 287.000
-978.000 624.000
-707.000 193.000
 -48.000 587.000
-491.000 238.000
-166.000 291.000
-526.000 352.000
-186.000 575.000
-162.000 603.000
-533.000 211.000
-668.000 579.000
 -75.000 354.000
-887.000 241.000
-327.000 682.000
 -44.000  11.000
-857.000 629.000
-159.000 644.000
-423.000  98.000
-591.000 236.000
 -47.000 183.000
-876.000 416.000
-476.000  27.000
-379.000 914.000
-433.000 163.000
-735.000 917.000
-240.000 294.000
-684.000 295.000
  -9.000 877.000
-511.000 718.000
-779.000 779.000
-413.000 268.000
 -48.000 426.000
-263.000 575.000
-841.000  62.000
 -96.000 538.000
-214.000 485.000
-643.000  37.000
-444.000 524.000
-739.000  98.000
-829.000 557.000
-711.000 124.000
-893.000 736.000
-250.000 339.000
-866.000 941.000
 -68.000 643.000
-684.000 301.000
-582.000 478.000
 -92.000 127.000
-784.000 205.000
-203.000 409.000
-958.000 539.000
-998.000 480.000
-187.000 111.000
-643.000 568.000
-468.000 520.000
-813.000 561.000
-402.000 719.000
-390.000  68.000
  -5.000 394.000
  -1.000 909.000
-352.000 419.000
-878.000 959.000
-626.000 853.000
 -77.000 575.000
-140.000 357.000
 -71.000 379.000
-122.000  89.000
-832.000 788.000
-476.000 383.000
-477.000 787.000
-200.000 225.000
-373.000 774.000
-273.000 515.000
-686.000 653.000
-359.000 577.000
-961.000 817.000
-933.000 844.000
-755.000 817.000
  -2.000 845.000
-267.000 914.000
-881.000 795.000
-820.000 650.000
-125.000  16.000
-377.000 108.000
-971.000 650.000
-501.000 658.000
-610.000 514.000
-699.000 377.000
-249.000  19.000
-744.000 306.000
-990.000 262.000
-893.000 439.000
-896.000 963.000
-101.000 355.000
-796.000 774.000
-436.000 990.000
 -33.000 796.000
-544.000 371.000
-990.000 674.000
-670.000 508.000
-875.000  51.000
 -30.000 254.000
-420.000 128.000
-226.000 245.000
-425.000 255.000
-101.000 324.000
-916.000 707.000
-811.000 781.000
-826.000 534.000
-490.000 598.000
-508.000 639.000
-218.000 452.000
-548.000 986.000
-578.000 955.000
  -0.000 602.000
-468.000 457.000
-649.000 568.000
 -96.000 860.000
-863.000 841.000
-353.000 719.000
-832.000 355.000
-870.000  89.000
-858.000 868.000
-741.000 365.000
-848.000 573.000
-935.000 188.000
-745.000 510.000
-985.000 997.000
-815.000 359.000
-440.000 757.000
-939.000 675.000
 -39.000 315.000
-306.000 277.000
 -82.000 942.000
-885.000 400.000
-360.000 282.000
-917.000 757.000
-610.000 717.000
-604.000   0.000
-998.000 728.000
-363.000 106.000
-317.000 992.000
-994.000 179.000
-136.000 333.000
-761.000 225.000
-727.000 185.000
-616.000 995.000
-265.000 628.000
-911.000 571.000
-807.000 126.000
-104.000 488.000
-282.000  74.000
-992.000 245.000
-790.000 428.000
-654.000 905.000
-144.000 623.000
-269.000 215.000
-553.000 351.000
-612.000  23.000
-742.000 811.000
-743.000 640.000
-299.000 143.000
-357.000  48.000
 -55.000 665.000
-700.000 413.000
-335.000 785.000
-608.000 838.000
-456.000 774.000
-140.000 456.000
-627.000 483.000
 -75.000 269.000
-491.000 871.000
-214.000 692.000
-788.000 302.000
-614.000 192.000
-308.000 873.000
-730.000 678.000
-629.000  17.000
-415.000 603.000
-490.000 408.000
-637.000 418.000
-737.000  43.000
-175.000  12.000
-272.000 188.000
-603.000  51.000
-855.000 276.000
-316.000 897.000
-986.000 778.000
-945.000 885.000
-362.000  57.000
-837.000 565.000
-120.000 787.000
-549.000   7.000
-607.000 110.000
-428.000  61.000
-104.000 377.000
-842.000 809.000
-999.000 658.000
-803.000 872.000
 -63.000 126.000
-672.000 294.000
-936.000 760.000
-602.000 765.000
-581.000 157.000
-101.000 104.000
-792.000 634.000
-116.000 878.000
-667.000 822.000
-704.000 193.000
-538.000 913.000
-166.000 157.000
-429.000 219.000
-434.000 868.000
-738.000 429.000
-922.000 648.000
-754.000 939.000
-378.000 456.000
-846.000  17.000
-116.000  64.000
-473.000 589.000
-508.000  84.000
-582.000 673.000
-134.000 635.000
-712.000 398.000
-285.000 599.000
-369.000 994.000
-101.000 293.000
-170.000 585.000
 -34.000  26.000
-281.000 238.000
-513.000 388.000
-842.000 920.000
-787.000 442.000
-474.000 947.000
-478.000 110.000
-988.000 220.000
-882.000 184.000
-568.000 950.000
-701.000 156.000
-603.000 263.000
-529.000 722.000
-792.000 271.000
-159.000 712.000
-719.000 874.000
-383.000 154.000
-144.000 830.000
-793.000 724.000
-990.000 768.000
-526.000 502.000
-307.000  26.000
-275.000 499.000
-216.000 368.000
-534.000  92.000
 -12.000 449.000
  -6.000 908.000
-354.000 595.000
-676.000 580.000
-738.000 105.000
-174.000 268.000
-852.000 380.000
-710.000 312.000
-588.000 335.000
-843.000  75.000
-116.000 121.000
-777.000 754.000
-324.000 671.000
-629.000 818.000
-138.000 501.000
-674.000 414.000
-381.000 791.000
-502.000 543.000
 -87.000 611.000
-112.000 102.000
-696.000 201.000
  -3.000 638.000
-503.000  79.000
-496.000 802.000
-799.000 206.000
-640.000 405.000
-103.000 666.000
-378.000 378.000
-950.000 548.000
-259.000 347.000
-471.000 568.000
-698.000  13.000
-767.000 364.000
-359.000 103.000
-489.000 216.000
-751.000 436.000
-265.000 324.000
-978.000 174.000
-355.000 555.000
-684.000 851.000
-474.000  37.000
-796.000 516.000
-341.000 345.000
-653.000 509.000
-784.000 423.000
-637.000 790.000
-412.000 187.000
-503.000 439.000
-398.000 214.000
-651.000 789.000
-183.000 746.000
-927.000 789.000
-268.000 477.000
-374.000 446.000
-963.000 177.000
-134.000 743.000
-461.000 144.000
-629.000 155.000
-550.000 168.000
-369.000 810.000
-701.000 653.000
-919.000 397.000
-381.000 943.000
-543.000 889.000
-703.000 166.000
-328.000 523.000
-258.000 530.000
-848.000 301.000
